0 0 1301
1 1301 4514
2 5815 2617
3 8432 13102
4 21534 1358
5 22892 1476
6 24368 6641
7 31009 2765
8 33774 10849
9 44623 9542
10 54165 1585
11 55750 2463
12 58213 2937
13 61150 3892
14 65042 9577
15 74619 2335
16 76954 8071
17 85025 2399
18 87424 1487
19 88911 1130
20 90041 3510
21 93551 6548
22 100099 2991
23 103090 2429
24 105519 2646
25 108165 2706
26 110871 3902
27 114773 2656
28 117429 9587
29 127016 4323
30 131339 2322
31 133661 12072
32 145733 4199
33 149932 7881
34 157813 10813
35 168626 3450
36 172076 7016
37 179092 4505
38 183597 4954
39 188551 3098
40 191649 1376
41 193025 4076
42 197101 3210
43 200311 1837
44 202148 1850
45 203998 3587
46 207585 2572
47 210157 2670
48 212827 1085
49 213912 2282
50 216194 4440
51 220634 2333
52 222967 6799
53 229766 2141
54 231907 2621
55 234528 3013
56 237541 2624
57 240165 3038
58 243203 3142
59 246345 2452
60 248797 2777
61 251574 6764
62 258338 5245
63 263583 1698
64 265281 14197
65 279478 5542
66 285020 1007
67 286027 15025
68 301052 1885
69 302937 2401
70 305338 1967
71 307305 2950
72 310255 1998
73 312253 6807
74 319060 3172
75 322232 3200
76 325432 2438
77 327870 1978
78 329848 3017
79 332865 5934
80 338799 16540
81 355339 8166
82 363505 3624
83 367129 3293
84 370422 2675
85 373097 3437
86 376534 1637
87 378171 2691
88 380862 7068
89 387930 1944
90 389874 1692
91 391566 2087
92 393653 2593
93 396246 2447
94 398693 2992
95 401685 2417
96 404102 2185
97 406287 2337
98 408624 1644
99 410268 3597
100 413865 3997
101 417862 3999
102 421861 4224
103 426085 16825
104 442910 2027
105 444937 12329
106 457266 14344
107 471610 8871
108 480481 8078
109 488559 4809
110 493368 11426
111 504794 3406
112 508200 5005
113 513205 4585
114 517790 4189
115 521979 5561
116 527540 3452
117 530992 4295
118 535287 4077
119 539364 6570
120 545934 3806
121 549740 5532
122 555272 3425
123 558697 4505
124 563202 24368
125 587570 2035
126 589605 4970
127 594575 4952
128 599527 5055
129 604582 4192
130 608774 3989
131 612763 3347
132 616110 23998
134 640108 4694
135 644802 5352
136 650154 15736
137 665890 10360
138 676250 1878
139 678128 5110
140 683238 5653
141 688891 3259
142 692150 6459
143 698609 7348
144 705957 5315
145 711272 6606
146 717878 3933
147 721811 6332
148 728143 5023
149 733166 6904
150 740070 4234
151 744304 8221
152 752525 5038
153 757563 4541
154 762104 34053
155 796157 1960
156 798117 4438
157 802555 5778
158 808333 4166
159 812499 2267
160 814766 21475
161 836241 5182
162 841423 4800
163 846223 4382
164 850605 2207
165 852812 4534
166 857346 4299
167 861645 5644
168 867289 4337
169 871626 22549
170 894175 4710
171 898885 3924
172 902809 5095
173 907904 2142
174 910046 4585
175 914631 5419
176 920050 5548
177 925598 3137
178 928735 5168
179 933903 5604
180 939507 6214
181 945721 3476
182 949197 5247
183 954444 4748
184 959192 4827
185 964019 3789
186 967808 6851
187 974659 4835
188 979494 4473
189 983967 2297
190 986264 25041
191 1011305 4780
192 1016085 5085
193 1021170 9498
194 1030668 10303
195 1040971 4183
196 1045154 4334
197 1049488 3929
198 1053417 5932
199 1059349 24236
200 1083585 2331
201 1085916 5155
202 1091071 5168
203 1096239 5470
204 1101709 3987
205 1105696 3311
206 1109007 3874
207 1112881 4621
208 1117502 4900
209 1122402 19095
210 1141497 2338
211 1143835 4719
212 1148554 8030
213 1156584 7917
214 1164501 2853
215 1167354 5070
216 1172424 7576
217 1180000 5102
218 1185102 5884
219 1190986 6223
220 1197209 3873
221 1201082 7690
222 1208772 4741
223 1213513 4493
224 1218006 3625
225 1221631 7432
226 1229063 5073
227 1234136 5081
228 1239217 23898
229 1263115 2316
230 1265431 3823
231 1269254 6750
232 1276004 4751
233 1280755 4974
234 1285729 3498
235 1289227 15594
236 1304821 4808
237 1309629 4031
238 1313660 4098
239 1317758 2157
240 1319915 4605
241 1324520 9070
242 1333590 4150
243 1337740 4540
244 1342280 4597
245 1346877 3022
246 1349899 9021
247 1358920 8261
248 1367181 2371
249 1369552 3779
250 1373331 5227
251 1378558 5201
252 1383759 4903
253 1388662 19075
254 1407737 4773
255 1412510 6404
256 1418914 2726
257 1421640 3430
258 1425070 5206
259 1430276 2805
260 1433081 11015
261 1444096 4476
262 1448572 5715
263 1454287 4320
264 1458607 3299
265 1461906 6034
266 1467940 4816
267 1472756 4314
268 1477070 3942
269 1481012 5467
270 1486479 4745
271 1491224 5734
272 1496958 22476
273 1519434 2544
274 1521978 4496
275 1526474 4387
276 1530861 5275
277 1536136 2584
278 1538720 4377
279 1543097 3722
280 1546819 4352
281 1551171 6254
282 1557425 27016
283 1584441 2533
284 1586974 5347
287 1592321 5170
288 1597491 16054
289 1613545 2175
290 1615720 2540
291 1618260 4108
292 1622368 3190
293 1625558 4199
294 1629757 3622
295 1633379 10990
296 1644369 10437
297 1654806 5479
298 1660285 13146
299 1673431 4805
300 1678236 5750
301 1683986 7628
302 1691614 7851
303 1699465 5381
304 1704846 7498
305 1712344 4511
306 1716855 3540
307 1720395 4470
308 1724865 6727
309 1731592 4963
310 1736555 32161
311 1768716 2268
312 1770984 13210
313 1784194 11108
314 1795302 7214
315 1802516 3637
316 1806153 12620
317 1818773 4461
318 1823234 2955
319 1826189 8502
320 1834691 2724
321 1837415 3300
322 1840715 2295
323 1843010 4459
324 1847469 16517
325 1863986 2341
326 1866327 4312
327 1870639 7327
328 1877966 4372
329 1882338 1985
330 1884323 5658
331 1889981 21929
332 1911910 2334
333 1914244 1959
334 1916203 2476
335 1918679 2845
336 1921524 18703
337 1940227 4331
338 1944558 6591
339 1951149 9951
340 1961100 4694
341 1965794 4514
342 1970308 3860
343 1974168 1957
344 1976125 6815
345 1982940 2767
346 1985707 5095
347 1990802 3348
348 1994150 7249
349 2001399 3653
350 2005052 4928
351 2009980 7088
352 2017068 4678
353 2021746 5749
354 2027495 4426
356 2031921 22686
357 2054607 4674
358 2059281 3849
359 2063130 13556
360 2076686 2101
361 2078787 2096
362 2080883 2191
363 2083074 3029
364 2086103 1755
365 2087858 19697
366 2107555 4525
367 2112080 3836
368 2115916 4787
369 2120703 2720
370 2123423 2521
371 2125944 2287
372 2128231 2994
373 2131225 2422
374 2133647 3017
375 2136664 23019
376 2159683 4548
377 2164231 7366
378 2171597 2292
379 2173889 4113
380 2178002 2023
381 2180025 2070
382 2182095 3847
383 2185942 6201
384 2192143 5896
385 2198039 4434
386 2202473 4792
387 2207265 5376
388 2212641 3907
389 2216548 4884
390 2221432 4607
391 2226039 24794
392 2250833 2289
393 2253122 4163
394 2257285 4163
395 2261448 4677
396 2266125 2706
397 2268831 2289
398 2271120 2479
399 2273599 2479
400 2276078 2913
401 2278991 16877
402 2295868 4524
403 2300392 4527
404 2304919 2146
405 2307065 8402
407 2315467 2933
408 2318400 2847
409 2321247 2907
410 2324154 20729
411 2344883 5478
412 2350361 4213
413 2354574 10191
414 2364765 10969
415 2375734 2332
416 2378066 4586
417 2382652 2918
418 2385570 5272
419 2390842 4099
420 2394941 6669
421 2401610 6877
422 2408487 3524
423 2412011 4267
424 2416278 3219
425 2419497 4828
426 2424325 2002
427 2426327 5170
428 2431497 24041
429 2455538 2244
430 2457782 4035
431 2461817 4304
432 2466121 209
433 2466330 2464
434 2468794 15654
435 2484448 2305
436 2486753 3201
437 2489954 4253
438 2494207 2744
439 2496951 2539
440 2499490 21514
441 2521004 4221
442 2525225 16589
443 2541814 4078
444 2545892 2304
445 2548196 4296
446 2552492 17191
447 2569683 4643
448 2574326 2144
449 2576470 13064
450 2589534 9827
451 2599361 5305
452 2604666 5610
453 2610276 3047
454 2613323 4297
455 2617620 9044
456 2626664 5653
457 2632317 5215
458 2637532 7149
459 2644681 6884
460 2651565 6695
461 2658260 5246
462 2663506 29561
463 2693067 3336
464 2696403 3982
465 2700385 5563
466 2705948 2715
467 2708663 7669
468 2716332 1985
469 2718317 2363
470 2720680 3064
471 2723744 4433
472 2728177 3088
473 2731265 2707
474 2733972 3861
475 2737833 2978
476 2740811 21311
477 2762122 5762
478 2767884 7471
479 2775355 4222
480 2779577 4700
481 2784277 1993
482 2786270 6254
483 2792524 2923
484 2795447 2532
485 2797979 2269
486 2800248 3133
487 2803381 13918
488 2817299 4277
489 2821576 4708
490 2826284 1881
491 2828165 4549
492 2832714 5680
493 2838394 2334
494 2840728 2482
495 2843210 4686
496 2847896 3635
497 2851531 9188
498 2860719 7570
499 2868289 4208
500 2872497 5334
501 2877831 3053
502 2880884 16020
503 2896904 5041
504 2901945 6079
505 2908024 4418
506 2912442 2320
507 2914762 2742
508 2917504 2066
509 2919570 2918
510 2922488 2530
511 2925018 13058
512 2938076 4780
513 2942856 4879
514 2947735 7358
515 2955093 2084
516 2957177 6301
517 2963478 12425
518 2975903 5937
519 2981840 5306
521 2987146 7449
522 2994595 2301
523 2996896 3216
524 3000112 2524
525 3002636 2789
526 3005425 17573
527 3022998 4139
528 3027137 5296
529 3032433 2403
530 3034836 2385
531 3037221 6510
533 3043731 4697
534 3048428 3682
535 3052110 1920
536 3054030 4106
537 3058136 4548
538 3062684 2746
539 3065430 4426
540 3069856 5208
541 3075064 2211
542 3077275 22517
544 3099792 4016
545 3103808 3744
546 3107552 4158
547 3111710 2817
548 3114527 2503
549 3117030 17063
550 3134093 5113
551 3139206 3372
552 3142578 2222
553 3144800 1632
554 3146432 2579
555 3149011 3577
556 3152588 14626
557 3167214 3865
558 3171079 12988
559 3184067 4657
560 3188724 3475
561 3192199 2162
562 3194361 5355
563 3199716 1993
564 3201709 2519
565 3204228 3123
566 3207351 15000
567 3222351 3776
568 3226127 4660
569 3230787 3591
570 3234378 2532
571 3236910 2830
572 3239740 4709
573 3244449 8312
574 3252761 6761
575 3259522 9473
576 3268995 3599
577 3272594 3822
578 3276416 3985
579 3280401 2297
580 3282698 7748
581 3290446 21640
582 3312086 9836
583 3321922 7085
584 3329007 5223
585 3334230 5232
586 3339462 6083
587 3345545 5957
588 3351502 6029
589 3357531 3617
590 3361148 4392
591 3365540 4792
592 3370332 4739
593 3375071 5074
594 3380145 4803
595 3384948 2527
596 3387475 2329
597 3389804 4728
598 3394532 21945
599 3416477 1484
650 3417961 2024
651 3419985 3281
652 3423266 2111
653 3425377 6323
654 3431700 6479
655 3438179 5815
656 3443994 12476
657 3456470 3890
658 3460360 2084
659 3462444 2262
660 3464706 10005
661 3474711 5000
662 3479711 6470
663 3486181 3168
664 3489349 6183
665 3495532 6165
666 3501697 2173
667 3503870 6765
668 3510635 3428
669 3514063 7053
670 3521116 9456
671 3530572 1925
672 3532497 2986
673 3535483 1874
674 3537357 3471
675 3540828 6345
676 3547173 6924
677 3554097 6617
678 3560714 6641
679 3567355 10520
680 3577875 10055
681 3587930 1236
682 3589166 957
683 3590123 1216
684 3591339 3887
685 3595226 912
686 3596138 6075
687 3602213 1456
688 3603669 2915
689 3606584 2757
690 3609341 5758
691 3615099 12406
692 3627505 4067
693 3631572 26582
694 3658154 3801
695 3661955 4328
696 3666283 12612
697 3678895 4597
698 3683492 5302
699 3688794 14826
700 3703620 12455
701 3716075 3773
702 3719848 2123
703 3721971 9542
704 3731513 1896
705 3733409 2870
706 3736279 3350
707 3739629 2977
708 3742606 6022
709 3748628 10035
710 3758663 4150
711 3762813 1190
712 3764003 2300
713 3766303 5591
714 3771894 4695
715 3776589 4710
716 3781299 4492
717 3785791 2905
718 3788696 5922
719 3794618 4331
720 3798949 6255
721 3805204 4261
722 3809465 2134
723 3811599 1730
724 3813329 9061
725 3822390 4254
726 3826644 7245
727 3833889 1575
728 3835464 3719
729 3839183 2142
730 3841325 1993
731 3843318 2337
732 3845655 5926
733 3851581 14731
734 3866312 2190
735 3868502 1696
736 3870198 4111
737 3874309 10569
738 3884878 1416
739 3886294 3201
740 3889495 1244
741 3890739 927
742 3891666 2068
743 3893734 2548
744 3896282 1892
745 3898174 3263
746 3901437 12439
747 3913876 4425
748 3918301 11360
749 3929661 3695
750 3933356 2341
751 3935697 1104
752 3936801 5814
753 3942615 2205
754 3944820 1669
755 3946489 2090
756 3948579 1305
757 3949884 1312
758 3951196 7805
759 3959001 3808
760 3962809 1053
761 3963862 2524
762 3966386 2290
763 3968676 3246
764 3971922 2639
765 3974561 37688
766 4012249 1231
767 4013480 1784
768 4015264 5683
769 4020947 1274
770 4022221 1688
771 4023909 1769
772 4025678 2480
773 4028158 1716
774 4029874 1613
775 4031487 3174
776 4034661 3267
777 4037928 5032
778 4042960 1822
779 4044782 979
780 4045761 1525
781 4047286 2099
782 4049385 1566
783 4050951 1845
784 4052796 1319
785 4054115 1959
786 4056074 1654
787 4057728 898
788 4058626 2886
789 4061512 1927
790 4063439 6733
791 4070172 2827
792 4072999 1449
793 4074448 1244
794 4075692 2856
795 4078548 1495
796 4080043 2551
797 4082594 1506
798 4084100 1378
799 4085478 2237
800 4087715 1552
801 4089267 1917
802 4091184 5559
803 4096743 2647
804 4099390 5945
805 4105335 1714
806 4107049 1329
807 4108378 3219
808 4111597 1641
809 4113238 2857
810 4116095 1326
811 4117421 964
812 4118385 1876
813 4120261 4231
814 4124492 3472
815 4127964 3078
816 4131042 3436
817 4134478 2948
818 4137426 1577
819 4139003 1507
820 4140510 988
821 4141498 2205
822 4143703 1660
823 4145363 1194
824 4146557 3659
825 4150216 3635
826 4153851 3860
827 4157711 1787
828 4159498 4982
831 4164480 2021
832 4166501 1151
833 4167652 1374
834 4169026 1089
835 4170115 1188
836 4171303 5466
837 4176769 2342
838 4179111 1909
839 4181020 1155
840 4182175 1318
841 4183493 1408
842 4184901 4279
843 4189180 1553
844 4190733 2958
845 4193691 2377
846 4196068 1236
847 4197304 1971
848 4199275 5418
849 4204693 2399
850 4207092 4027
852 4211119 2418
853 4213537 4676
854 4218213 3874
856 4222087 3092
857 4225179 20932
858 4246111 8820
859 4254931 4654
860 4259585 4578
861 4264163 4289
862 4268452 1609
863 4270061 4603
864 4274664 1425
865 4276089 1243
866 4277332 1548
867 4278880 7820
868 4286700 2269
869 4288969 18743
870 4307712 9386
871 4317098 6024
872 4323122 4121
873 4327243 4217
874 4331460 2118
875 4333578 17230
876 4350808 4799
877 4355607 1204
878 4356811 2152
879 4358963 1397
880 4360360 8845
881 4369205 5513
882 4374718 6983
883 4381701 3412
884 4385113 9204
885 4394317 7942
886 4402259 8904
887 4411163 5316
888 4416479 7423
889 4423902 15508
890 4439410 8007
891 4447417 5414
892 4452831 1439
893 4454270 1640
894 4455910 2229
895 4458139 1416
896 4459555 1015
897 4460570 6610
898 4467180 2191
899 4469371 9226
900 4478597 4939
901 4483536 1942
902 4485478 5556
903 4491034 5602
904 4496636 9519
905 4506155 4999
906 4511154 9979
907 4521133 4079
908 4525212 1143
909 4526355 1495
910 4527850 1396
911 4529246 9702
912 4538948 766
913 4539714 3198
914 4542912 970
915 4543882 2274
916 4546156 13170
917 4559326 8417
918 4567743 4370
919 4572113 5126
920 4577239 5503
921 4582742 9728
922 4592470 2294
923 4594764 5670
924 4600434 3030
925 4603464 3325
926 4606789 2360
927 4609149 8858
928 4618007 3975
929 4621982 15569
930 4637551 3394
931 4640945 3974
932 4644919 4612
933 4649531 12254
934 4661785 992
935 4662777 9949
936 4672726 7924
937 4680650 864
938 4681514 7156
939 4688670 17731
940 4706401 1128
941 4707529 7771
942 4715300 862
943 4716162 6911
944 4723073 15333
945 4738406 1745
946 4740151 4859
947 4745010 847
948 4745857 10658
949 4756515 1697
950 4758212 3015
951 4761227 3015
952 4764242 1349
953 4765591 1238
954 4766829 1038
955 4767867 1080
956 4768947 1173
957 4770120 2570
958 4772690 1987
959 4774677 1318
960 4775995 1080
961 4777075 1233
962 4778308 1568
963 4779876 1176
964 4781052 2082
965 4783134 2857
966 4785991 1519
967 4787510 2908
968 4790418 3023
969 4793441 3042
970 4796483 1098
971 4797581 3726
972 4801307 2755
973 4804062 4367
974 4808429 3407
975 4811836 6406
976 4818242 3337
977 4821579 951
978 4822530 2365
979 4824895 4759
980 4829654 2350
981 4832004 811
982 4832815 6130
983 4838945 1435
984 4840380 6130
985 4846510 905
986 4847415 1656
987 4849071 904
988 4849975 3735
989 4853710 6741
990 4860451 850
991 4861301 3472
992 4864773 4142
993 4868915 1349
994 4870264 1183
995 4871447 1937
996 4873384 1670
997 4875054 2665
998 4877719 2664
999 4880383 1883
1000 4882266 1515
1001 4883781 3145
1002 4886926 2723
1003 4889649 1704
1004 4891353 1997
1005 4893350 1217
1006 4894567 1054
1007 4895621 3632
1008 4899253 2094
1009 4901347 2143
1010 4903490 2471
1011 4905961 2090
1012 4908051 3525
1013 4911576 1847
1014 4913423 3292
1016 4916715 621
1017 4917336 1137
1018 4918473 842
1019 4919315 2621
1020 4921936 1089
1021 4923025 2804
1022 4925829 1901
1023 4927730 1810
1024 4929540 756
1025 4930296 1716
1026 4932012 2605
1027 4934617 1605
1028 4936222 2332
1029 4938554 2830
1030 4941384 2302
1031 4943686 1099
1032 4944785 2594
1033 4947379 1472
1034 4948851 4686
1035 4953537 2253
1036 4955790 1815
1038 4957605 4297
1039 4961902 555
1040 4962457 855
1041 4963312 2617
1042 4965929 4851
1043 4970780 3639
1044 4974419 922
1046 4975341 3567
1047 4978908 1253
1048 4980161 2468
1049 4982629 3070
1050 4985699 2607
1051 4988306 4088
1052 4992394 4616
1053 4997010 904
1054 4997914 5550
1055 5003464 2016
1056 5005480 1628
1057 5007108 9065
1058 5016173 10777
1059 5026950 6858
1060 5033808 3023
1061 5036831 657
1062 5037488 8026
1063 5045514 4388
1064 5049902 14403
1065 5064305 5292
1066 5069597 2605
1067 5072202 4030
1068 5076232 17291
1069 5093523 7011
1070 5100534 2730
1071 5103264 435
1072 5103699 2580
1073 5106279 4269
1074 5110548 4716
1075 5115264 14862
1076 5130126 8641
1077 5138767 1998
1078 5140765 2897
1079 5143662 2027
1080 5145689 1966
1081 5147655 5313
1082 5152968 2312
1083 5155280 3569
1084 5158849 2094
1085 5160943 1918
1086 5162861 2308
1087 5165169 4605
1088 5169774 4382
1089 5174156 2012
1094 5176168 3366
1095 5179534 3678
1096 5183212 2257
1097 5185469 2014
1098 5187483 1877
1099 5189360 2182
1100 5191542 5187
1101 5196729 4375
1102 5201104 4476
1103 5205580 3650
1104 5209230 2562
1105 5211792 2677
1106 5214469 2442
1107 5216911 2497
1109 5219408 450
1110 5219858 6333
1113 5226191 11376
1114 5237567 3801
1115 5241368 2435
1116 5243803 4541
1117 5248344 7440
1119 5255784 3715
1120 5259499 3036
1121 5262535 2489
1122 5265024 2715
1123 5267739 4087
1124 5271826 4766
1125 5276592 3088
1126 5279680 5613
1127 5285293 3718
1128 5289011 8461
1129 5297472 2978
1130 5300450 7582
1131 5308032 2518
1132 5310550 1256
1133 5311806 19497
1134 5331303 11036
1135 5342339 3663
1136 5346002 3717
1137 5349719 6469
1138 5356188 10403
1140 5366591 3575
1141 5370166 4901
1142 5375067 5062
1143 5380129 4919
1144 5385048 3467
1145 5388515 27320
1146 5415835 13803
1147 5429638 18650
1148 5448288 33173
1149 5481461 4402
1150 5485863 2046
1151 5487909 3159
1152 5491068 7094
1153 5498162 1037
1154 5499199 6862
1155 5506061 998
1156 5507059 1201
1157 5508260 1018
1158 5509278 6768
1159 5516046 3680
1160 5519726 5764
1161 5525490 9256
1162 5534746 7555
1163 5542301 1899
1164 5544200 5684
1165 5549884 3884
1166 5553768 1552
1167 5555320 787
1168 5556107 3401
1169 5559508 11148
1170 5570656 3052
1171 5573708 2390
1172 5576098 6060
1173 5582158 1354
1174 5583512 4939
1175 5588451 870
1176 5589321 2628
1177 5591949 1777
1178 5593726 1396
1179 5595122 3651
1180 5598773 4492
1181 5603265 3888
1182 5607153 6338
1183 5613491 6617
1184 5620108 5237
1185 5625345 3000
1186 5628345 2117
1187 5630462 1123
1188 5631585 836
1189 5632421 2778
1190 5635199 6722
1191 5641921 969
1192 5642890 1857
1193 5644747 1784
1194 5646531 8155
1195 5654686 1235
1196 5655921 2880
1197 5658801 2637
1198 5661438 1566
1199 5663004 804
1200 5663808 5360
1201 5669168 7028
1202 5676196 12551
1203 5688747 1239
1204 5689986 2424
1205 5692410 1090
1206 5693500 1332
1207 5694832 2264
1208 5697096 2946
1209 5700042 5524
1210 5705566 2867
1211 5708433 3195
1212 5711628 21796
1213 5733424 2877
1214 5736301 1655
1215 5737956 2537
1216 5740493 1833
1217 5742326 1935
1218 5744261 7505
1219 5751766 5156
1220 5756922 13357
1221 5770279 2872
1222 5773151 1858
1223 5775009 1499
1224 5776508 3197
1225 5779705 1518
1226 5781223 4417
1227 5785640 1164
1228 5786804 1198
1229 5788002 1411
1230 5789413 2655
1231 5792068 2034
1232 5794102 2442
1233 5796544 4682
1234 5801226 554
1235 5801780 992
1236 5802772 7578
1237 5810350 5343
1238 5815693 6830
1239 5822523 4870
1240 5827393 4038
1241 5831431 2988
1242 5834419 35950
1243 5870369 4087
1244 5874456 7741
1245 5882197 2901
1246 5885098 2041
1247 5887139 4938
1248 5892077 1332
1249 5893409 2800
1250 5896209 1031
1251 5897240 1348
1252 5898588 3090
1253 5901678 5012
1254 5906690 10118
1255 5916808 2228
1256 5919036 3746
1257 5922782 2320
1258 5925102 2685
1259 5927787 31981
1260 5959768 1932
1261 5961700 1812
1262 5963512 6422
1263 5969934 6168
1264 5976102 2676
1265 5978778 4296
1266 5983074 4888
1267 5987962 3811
1268 5991773 3753
1269 5995526 15874
1270 6011400 4244
1271 6015644 3725
1272 6019369 10451
1273 6029820 1761
1274 6031581 1575
1275 6033156 6027
1276 6039183 11410
1277 6050593 5639
1278 6056232 3970
1279 6060202 2244
1280 6062446 1373
1281 6063819 724
1282 6064543 1572
1283 6066115 4833
1284 6070948 2784
1285 6073732 2041
1286 6075773 9144
1287 6084917 7008
1288 6091925 5313
1289 6097238 2062
1290 6099300 6571
1291 6105871 3024
1292 6108895 3008
1293 6111903 7770
1294 6119673 1752
1295 6121425 3410
1296 6124835 3512
1297 6128347 1747
1298 6130094 1674
1299 6131768 11336
1300 6143104 7895
1301 6150999 3522
1302 6154521 3346
1303 6157867 2307
1304 6160174 5675
1305 6165849 8404
1306 6174253 3291
1307 6177544 738
1308 6178282 3726
1309 6182008 5386
1310 6187394 7130
1311 6194524 981
1312 6195505 2465
1313 6197970 4542
1314 6202512 3661
1315 6206173 3009
1316 6209182 5868
1317 6215050 5612
1318 6220662 7628
1319 6228290 1610
1320 6229900 4016
1321 6233916 1382
1322 6235298 7589
1323 6242887 3356
1324 6246243 4445
1325 6250688 5045
1326 6255733 2401
1327 6258134 6414
1328 6264548 2321
1329 6266869 1821
1330 6268690 15925
1331 6284615 10213
1332 6294828 5960
1333 6300788 1609
1334 6302397 6008
1335 6308405 1572
1336 6309977 6750
1337 6316727 4749
1338 6321476 4772
1339 6326248 10006
1340 6336254 1910
1341 6338164 3554
1342 6341718 16974
1343 6358692 9990
1344 6368682 4011
1345 6372693 8149
1346 6380842 14574
1347 6395416 3860
1348 6399276 15113
1349 6414389 5735
1350 6420124 8929
1351 6429053 2857
1352 6431910 10986
1353 6442896 11053
1354 6453949 2739
1355 6456688 1702
1356 6458390 1780
1357 6460170 2846
1358 6463016 3008
1359 6466024 2458
1360 6468482 3236
1361 6471718 2377
1362 6474095 3328
1363 6477423 11499
1364 6488922 6915
1365 6495837 10179
1366 6506016 9746
1367 6515762 4318
1368 6520080 11611
1369 6531691 11365
1370 6543056 3256
1371 6546312 1972
1372 6548284 3410
1373 6551694 1833
1374 6553527 3366
1375 6556893 3609
1376 6560502 2351
1377 6562853 1835
1378 6564688 5430
1379 6570118 2038
1380 6572156 1547
1381 6573703 2670
1382 6576373 3923
1383 6580296 2106
1384 6582402 1715
1385 6584117 3116
1386 6587233 8841
1387 6596074 3629
1388 6599703 4413
1389 6604116 9075
1390 6613191 4128
1391 6617319 3396
1392 6620715 2802
1393 6623517 4060
1394 6627577 4069
1395 6631646 2243
1396 6633889 2822
1397 6636711 1933
1398 6638644 7079
1399 6645723 3638
1400 6649361 2407
1401 6651768 2065
1402 6653833 3843
1403 6657676 5960
1404 6663636 2362
1405 6665998 5970
1406 6671968 2919
1407 6674887 3841
1408 6678728 1885
1409 6680613 1828
1410 6682441 2015
1411 6684456 1757
1412 6686213 5311
1413 6691524 3225
1414 6694749 4198
1415 6698947 3155
1416 6702102 2753
1417 6704855 3572
1418 6708427 2509
1419 6710936 3903
1420 6714839 44800
1421 6759639 3835
1422 6763474 4941
1423 6768415 7090
1424 6775505 3257
1425 6778762 3432
1426 6782194 3578
1427 6785772 6926
1428 6792698 1968
1429 6794666 2724
1430 6797390 3841
1431 6801231 2585
1432 6803816 1147
1433 6804963 2529
1434 6807492 5516
1435 6813008 5443
1436 6818451 3411
1437 6821862 4164
1438 6826026 2772
1439 6828798 5751
1440 6834549 2660
1441 6837209 4340
1442 6841549 1199
1443 6842748 5889
1444 6848637 1457
1445 6850094 1222
1446 6851316 2144
1447 6853460 7822
1448 6861282 3561
1449 6864843 2670
1450 6867513 3184
1451 6870697 5252
1452 6875949 5750
1453 6881699 4819
1454 6886518 5714
1455 6892232 2177
1456 6894409 7123
1457 6901532 8366
1458 6909898 2499
1459 6912397 4592
1460 6916989 1001
1461 6917990 804
1462 6918794 4386
1463 6923180 3979
1464 6927159 3197
1465 6930356 2400
1466 6932756 2990
1467 6935746 3200
1468 6938946 5432
1469 6944378 4125
1470 6948503 1855
1471 6950358 6780
1472 6957138 6177
1473 6963315 4940
1474 6968255 3907
1475 6972162 4820
1476 6976982 6343
1477 6983325 3039
1478 6986364 4120
1479 6990484 2442
1480 6992926 1906
1481 6994832 3427
1482 6998259 22290
1483 7020549 4176
1484 7024725 4453
1485 7029178 2090
1486 7031268 10398
1487 7041666 3245
1488 7044911 5602
1489 7050513 5623
1490 7056136 4217
1491 7060353 4452
1492 7064805 6164
1493 7070969 3071
1494 7074040 5642
1495 7079682 1759
1496 7081441 2656
1497 7084097 5362
1498 7089459 5191
1499 7094650 3477
1500 7098127 5954
1501 7104081 5755
1502 7109836 4476
1503 7114312 2808
1504 7117120 4754
1505 7121874 9486
1507 7131360 5217
1509 7136577 909
1510 7137486 807
1511 7138293 2366
1512 7140659 1921
1513 7142580 1114
1514 7143694 2109
1515 7145803 13466
1516 7159269 4553
1517 7163822 1930
1518 7165752 7100
1519 7172852 10251
1520 7183103 1215
1521 7184318 10305
1522 7194623 3725
1523 7198348 1573
1524 7199921 3620
1525 7203541 5933
1526 7209474 5002
1527 7214476 6108
1528 7220584 3825
1529 7224409 2005
1530 7226414 886
1531 7227300 3082
1532 7230382 4045
1533 7234427 3598
1534 7238025 5598
1535 7243623 5619
1536 7249242 1349
1537 7250591 10594
1538 7261185 3437
1539 7264622 608
1540 7265230 1778
1541 7267008 4469
1542 7271477 2489
1543 7273966 4318
1544 7278284 6798
1545 7285082 4962
1546 7290044 6499
1547 7296543 2455
1548 7298998 4568
1549 7303566 5386
1550 7308952 3406
1551 7312358 4220
1552 7316578 6492
1553 7323070 1519
1554 7324589 2952
1555 7327541 2125
1556 7329666 3161
1557 7332827 1627
1558 7334454 8667
1559 7343121 3584
1560 7346705 3450
1561 7350155 1397
1562 7351552 8054
1563 7359606 8387
1564 7367993 8866
1565 7376859 5780
1567 7382639 8131
1569 7390770 1826
1570 7392596 6638
1571 7399234 9723
1572 7408957 4192
1573 7413149 4691
1574 7417840 2751
1575 7420591 2467
1576 7423058 3966
1577 7427024 4928
1578 7431952 4335
1579 7436287 3338
1580 7439625 7201
1581 7446826 9062
1582 7455888 8675
1583 7464563 2880
1584 7467443 896
1585 7468339 4266
1586 7472605 8338
1587 7480943 9597
1588 7490540 5568
1589 7496108 2475
1590 7498583 8301
1591 7506884 6837
1592 7513721 3561
1593 7517282 3012
1594 7520294 1082
1595 7521376 3143
1596 7524519 11093
1597 7535612 7711
1598 7543323 7774
1599 7551097 1088
1600 7552185 3058
1601 7555243 1869
1602 7557112 8298
1603 7565410 7541
1604 7572951 4151
1606 7577102 9721
1607 7586823 9737
1608 7596560 2770
1609 7599330 3890
1610 7603220 5915
1611 7609135 15157
1612 7624292 3120
1613 7627412 4758
1614 7632170 8077
1615 7640247 6667
1616 7646914 2589
1617 7649503 4401
1618 7653904 4033
1619 7657937 1920
1620 7659857 3468
1621 7663325 5417
1622 7668742 2315
1624 7671057 1417
1625 7672474 4119
1626 7676593 1193
1627 7677786 3788
1628 7681574 3668
1629 7685242 3785
1630 7689027 3372
1631 7692399 2539
1632 7694938 1033
1633 7695971 1324
1634 7697295 8199
1635 7705494 7239
1636 7712733 4547
1637 7717280 7458
1638 7724738 1010
1639 7725748 3393
1640 7729141 9255
1641 7738396 2176
1642 7740572 6428
1643 7747000 6364
1644 7753364 1196
1645 7754560 1082
1646 7755642 7015
1647 7762657 3670
1648 7766327 2769
1649 7769096 1070
1650 7770166 1404
1651 7771570 7241
1652 7778811 1316
1653 7780127 2115
1654 7782242 2872
1655 7785114 3459
1656 7788573 2250
1658 7790823 8061
1659 7798884 3228
1660 7802112 2816
1661 7804928 5380
1662 7810308 1948
1663 7812256 2638
1664 7814894 4920
1665 7819814 4893
1666 7824707 4597
1667 7829304 3298
1668 7832602 8730
1669 7841332 6991
1670 7848323 4102
1671 7852425 3851
1672 7856276 2420
1673 7858696 3612
1674 7862308 2222
1675 7864530 2087
1676 7866617 10770
1677 7877387 6166
1678 7883553 8146
1679 7891699 5914
1680 7897613 5146
1681 7902759 9049
1682 7911808 12610
1683 7924418 6636
1684 7931054 1499
1685 7932553 1931
1686 7934484 1344
1687 7935828 5607
1688 7941435 3040
1689 7944475 723
1690 7945198 4313
1691 7949511 868
1692 7950379 3243
1693 7953622 786
1694 7954408 980
1695 7955388 4344
1696 7959732 3772
1697 7963504 1335
1698 7964839 1888
1699 7966727 1208
1700 7967935 1696
1701 7969631 938
1702 7970569 2986
1703 7973555 4900
1704 7978455 5278
1705 7983733 1650
1706 7985383 2799
1707 7988182 1291
1708 7989473 2669
1709 7992142 928
1710 7993070 1339
1711 7994409 1668
1712 7996077 575
1713 7996652 4232
1714 8000884 1497
1715 8002381 4888
1716 8007269 2672
1717 8009941 2212
1718 8012153 2673
1719 8014826 2601
1720 8017427 3829
1721 8021256 2151
1722 8023407 1235
1723 8024642 2676
1724 8027318 2081
1725 8029399 2797
1726 8032196 4891
1727 8037087 16515
1728 8053602 3557
1729 8057159 7156
1730 8064315 14365
1731 8078680 9299
1732 8087979 3780
1733 8091759 4767
1734 8096526 3714
1735 8100240 5844
1736 8106084 1737
1737 8107821 9291
1738 8117112 4078
1739 8121190 1945
1740 8123135 10022
1741 8133157 7954
1742 8141111 2761
1743 8143872 4907
1744 8148779 8486
1745 8157265 2139
1746 8159404 4518
1747 8163922 4450
1748 8168372 1118
1749 8169490 2267
1750 8171757 9122
1751 8180879 12803
1752 8193682 2241
1753 8195923 3680
1754 8199603 5594
1755 8205197 5677
1756 8210874 5785
1757 8216659 7683
1758 8224342 1050
1759 8225392 7462
1760 8232854 2988
1761 8235842 9885
1762 8245727 4285
1763 8250012 7111
1764 8257123 2916
1765 8260039 1650
1766 8261689 3564
1767 8265253 3966
1768 8269219 1933
1769 8271152 6375
1770 8277527 15276
1771 8292803 334
1772 8293137 2589
1773 8295726 9280
1774 8305006 7463
1775 8312469 7122
1776 8319591 4035
1777 8323626 3744
1778 8327370 3287
1779 8330657 3725
1780 8334382 499
1781 8334881 2464
1782 8337345 4490
1783 8341835 4063
1784 8345898 3206
1785 8349104 4057
1786 8353161 2992
1787 8356153 7091
1788 8363244 10447
1789 8373691 9464
1790 8383155 11584
1791 8394739 10619
1792 8405358 11300
1793 8416658 8883
1794 8425541 6201
1795 8431742 7037
1796 8438779 8304
1797 8447083 3910
1798 8450993 4076
1799 8455069 2882
1800 8457951 1937
1801 8459888 2394
1802 8462282 3820
1803 8466102 3875
1804 8469977 8510
1805 8478487 6700
1806 8485187 7153
1807 8492340 3680
1808 8496020 4638
1809 8500658 3647
1810 8504305 12362
1811 8516667 6461
1812 8523128 6869
1813 8529997 5296
1814 8535293 1212
1815 8536505 5596
1816 8542101 4175
1817 8546276 3879
1818 8550155 4842
1819 8554997 5521
1820 8560518 5621
1821 8566139 8569
1822 8574708 2523
1823 8577231 6520
1824 8583751 4422
1825 8588173 6873
1826 8595046 5412
1827 8600458 2664
1828 8603122 2343
1829 8605465 1517
1830 8606982 3546
1831 8610528 5156
1832 8615684 4529
1833 8620213 6357
1834 8626570 8762
1835 8635332 1948
1836 8637280 5930
1837 8643210 8014
1838 8651224 1343
1839 8652567 3513
1840 8656080 4214
1841 8660294 1675
1842 8661969 8984
1843 8670953 2915
1844 8673868 10619
1845 8684487 4462
1846 8688949 6511
1847 8695460 831
1848 8696291 4087
1849 8700378 2067
1850 8702445 6557
1851 8709002 3648
1852 8712650 7074
1853 8719724 11596
1854 8731320 2688
1855 8734008 4131
1856 8738139 2510
1857 8740649 4047
1858 8744696 3388
1859 8748084 4014
1860 8752098 1763
1861 8753861 11213
1862 8765074 2318
1863 8767392 6021
1864 8773413 2614
1865 8776027 1694
1866 8777721 8224
1867 8785945 7356
1868 8793301 4580
1869 8797881 9906
1870 8807787 6916
1871 8814703 6311
1872 8821014 3243
1873 8824257 5988
1874 8830245 11914
1875 8842159 4957
1876 8847116 6461
1877 8853577 5291
1878 8858868 2321
1879 8861189 3518
1880 8864707 10268
1881 8874975 1982
1882 8876957 6244
1883 8883201 4588
1884 8887789 4643
1885 8892432 2814
1886 8895246 505
1887 8895751 2032
1888 8897783 8719
1889 8906502 5187
1890 8911689 2568
1891 8914257 1775
1892 8916032 3470
1893 8919502 3607
1894 8923109 2859
1895 8925968 5476
1896 8931444 1487
1897 8932931 1187
1898 8934118 3174
1899 8937292 7786
1900 8945078 7833
1901 8952911 1473
1902 8954384 6166
1903 8960550 1738
1904 8962288 2375
1905 8964663 5410
1906 8970073 1762
1907 8971835 3438
1908 8975273 1973
1909 8977246 1203
1910 8978449 2715
1911 8981164 695
1912 8981859 2867
1913 8984726 5545
1914 8990271 203
1915 8990474 1859
1916 8992333 2908
1917 8995241 4751
1918 8999992 1440
1919 9001432 1293
1920 9002725 1664
1921 9004389 1231
1922 9005620 1708
1923 9007328 1117
1924 9008445 940
1925 9009385 4097
1926 9013482 855
1927 9014337 3181
1928 9017518 8714
1929 9026232 3032
1930 9029264 1545
1931 9030809 3235
1932 9034044 1190
1933 9035234 2766
1934 9038000 2413
1935 9040413 1378
1936 9041791 1054
1937 9042845 3732
1938 9046577 3160
1939 9049737 1503
1940 9051240 8497
1941 9059737 1495
1942 9061232 2109
1943 9063341 1138
1944 9064479 1712
1945 9066191 1814
1946 9068005 946
1947 9068951 2480
1948 9071431 10027
1949 9081458 4061
1954 9085519 4108
1955 9089627 12672
1956 9102299 16854
1957 9119153 12217
1958 9131370 22490
1959 9153860 43484
1961 9197344 15785
1962 9213129 28277
1966 9241406 3907
1968 9245313 33596
1969 9278909 2391
1970 9281300 2274
1971 9283574 15049
1972 9298623 10942
1973 9309565 7813
1974 9317378 9426
1975 9326804 2474
1976 9329278 6065
1977 9335343 8340
1979 9343683 14032
1980 9357715 13311
1981 9371026 28281
1983 9399307 15766
1985 9415073 13727
1987 9428800 25067
1988 9453867 360
1990 9454227 30121
1991 9484348 6914
1992 9491262 22039
2004 9513301 2857
2005 9516158 16268
2006 9532426 4104
2007 9536530 12979
2008 9549509 16845
2009 9566354 12336
2010 9578690 22427
2013 9601117 94234
2014 9695351 28297
2016 9723648 14120
2017 9737768 13204
2018 9750972 28307
2020 9779279 25072
2022 9804351 30001
2023 9834352 28280
2028 9862632 3705
2029 9866337 10049
2030 9876386 16866
2031 9893252 12224
2032 9905476 17171
2033 9922647 42227
2036 9964874 28277
2038 9993151 307
2039 9993458 327
2041 9993785 14060
2042 10007845 13343
2044 10021188 280
2045 10021468 316
2046 10021784 1733
2049 10023517 28280
2051 10051797 10177
2053 10061974 55713
2055 10117687 5392
2056 10123079 8896
2057 10131975 7654
2058 10139629 6482
2060 10146111 94256
2061 10240367 7088
2064 10247455 5505
2065 10252960 5370
2068 10258330 6926
2072 10265256 11861
2073 10277117 6877
2086 10283994 3175
2087 10287169 7985
2088 10295154 3782
2089 10298936 5441
2090 10304377 10487
2091 10314864 7486
2092 10322350 8422
2093 10330772 24890
2095 10355662 15695
2096 10371357 6888
2098 10378245 5532
2099 10383777 5231
2100 10389008 3518
2101 10392526 6920
2102 10399446 3511
2103 10402957 2972
2104 10405929 3617
2107 10409546 15079
2109 10424625 11906
2110 10436531 6913
2111 10443444 13925
2112 10457369 14230
2114 10471599 5046
2119 10476645 3698
2120 10480343 5330
2121 10485673 10077
2122 10495750 7567
2123 10503317 8565
2124 10511882 16977
2126 10528859 15703
2127 10544562 6876
2129 10551438 5533
2131 10556971 5550
2132 10562521 5260
2137 10567781 11850
2138 10579631 6869
2143 10586500 3815
2144 10590315 5324
2145 10595639 10057
2146 10605696 7522
2147 10613218 8413
2148 10621631 17215
2150 10638846 15733
2153 10654579 5649
2154 10660228 5324
2155 10665552 6913
2157 10672465 9401
2159 10681866 16379
2161 10698245 6882
2163 10705127 11846
2177 10716973 15783
2179 10732756 3404
2180 10736160 8079
2181 10744239 3656
2182 10747895 5461
2183 10753356 10064
2185 10763420 8447
2186 10771867 23804
2188 10795671 5591
2189 10801262 5259
2191 10806521 7002
2194 10813523 11926
2199 10825449 6904
2204 10832353 3641
2205 10835994 5326
2206 10841320 10052
2207 10851372 7537
2208 10858909 8286
2209 10867195 17702
2211 10884897 15772
2214 10900669 5626
2215 10906295 5220
2220 10911515 8962
2222 10920477 11792
2223 10932269 6872
2225 10939141 3191
2230 10942332 3662
2231 10945994 5548
2232 10951542 10145
2233 10961687 7438
2234 10969125 8300
2235 10977425 17205
2238 10994630 15771
2239 11010401 9215
2242 11019616 5608
2243 11025224 5268
2250 11030492 6869
2252 11037361 9412
2269 11046773 3424
2270 11050197 8042
2271 11058239 3845
2272 11062084 5700
2273 11067784 10052
2274 11077836 7586
2275 11085422 8351
2276 11093773 24701
2278 11118474 15774
2280 11134248 5911
2281 11140159 10634
2283 11150793 7100
2285 11157893 5650
2286 11163543 5275
2287 11168818 3669
2290 11172487 9926
2298 11182413 3597
2299 11186010 5583
2300 11191593 10088
2301 11201681 7625
2302 11209306 8347
2303 11217653 17576
2305 11235229 15861
2309 11251090 5674
2310 11256764 5349
2311 11262113 6931
2316 11269044 9150
2318 11278194 11909
2319 11290103 6939
2322 11297042 4252
2324 11301294 15840
2329 11317134 6173
2330 11323307 5826
2331 11329133 10682
2333 11339815 3551
2334 11343366 5515
2335 11348881 10093
2336 11358974 7555
2337 11366529 8312
2338 11374841 16874
2339 11391715 7192
2341 11398907 5656
2342 11404563 5296
2345 11409859 17248
2346 11427107 14990
2348 11442097 3310
2350 11445407 6583
2352 11451990 10098
2356 11462088 7167
2371 11469255 2755
2372 11472010 3375
2373 11475385 5751
2374 11481136 10104
2375 11491240 7639
2376 11498879 8469
2377 11507348 22811
2379 11530159 15797
2380 11545956 7196
2382 11553152 5607
2383 11558759 5154
2384 11563913 7206
2387 11571119 10348
2389 11581467 11811
2390 11593278 7143
2391 11600421 15255
2397 11615676 2569
2398 11618245 4835
2399 11623080 9241
2400 11632321 6944
2401 11639265 7756
2402 11647021 16352
2404 11663373 15689
2405 11679062 7159
2406 11686221 3070
2408 11689291 5524
2409 11694815 5356
2410 11700171 7167
2414 11707338 9585
2416 11716923 57128
2419 11774051 15845
2421 11789896 5810
2422 11795706 7208
2424 11802914 5076
2425 11807990 5037
2426 11813027 7209
2428 11820236 13175
2430 11833411 10385
2432 11843796 3502
2438 11847298 3235
2439 11850533 6828
2440 11857361 3345
2450 11860706 2196
2451 11862902 1695
2452 11864597 2838
2453 11867435 2141
2454 11869576 3989
2455 11873565 1272
2456 11874837 1308
2457 11876145 2266
2458 11878411 1638
2459 11880049 4306
2460 11884355 6431
2461 11890786 2571
2462 11893357 2967
2463 11896324 1850
2464 11898174 5950
2465 11904124 2825
2466 11906949 1650
2467 11908599 1516
2468 11910115 1357
2469 11911472 10175
2470 11921647 1879
2471 11923526 3005
2472 11926531 1597
2473 11928128 1501
2474 11929629 6013
2475 11935642 3448
2476 11939090 1397
2477 11940487 2947
2478 11943434 1623
2479 11945057 1170
2480 11946227 3453
2481 11949680 1595
2482 11951275 1108
2483 11952383 5826
2484 11958209 1666
2485 11959875 11866
2486 11971741 2808
2487 11974549 1647
2488 11976196 2299
2489 11978495 2151
2490 11980646 7457
2491 11988103 2630
2492 11990733 1589
2493 11992322 3339
2494 11995661 4640
2495 12000301 2734
2496 12003035 2933
2497 12005968 1137
2498 12007105 1558
2499 12008663 5767
2500 12014430 1747
2501 12016177 3810
2502 12019987 2760
2503 12022747 6579
2504 12029326 8134
2505 12037460 1898
2506 12039358 3217
2507 12042575 498
2508 12043073 2263
2509 12045336 1785
2510 12047121 3127
2511 12050248 1249
2512 12051497 1982
2513 12053479 1316
2514 12054795 1918
2515 12056713 3003
2516 12059716 7256
2517 12066972 2860
2518 12069832 1735
2519 12071567 1797
2520 12073364 2205
2521 12075569 1081
2522 12076650 10583
2523 12087233 6780
2524 12094013 6740
2525 12100753 6352
2526 12107105 7900
2527 12115005 2116
2528 12117121 20000
2529 12137121 8247
2530 12145368 2173
2531 12147541 1591
2532 12149132 3793
2533 12152925 2257
2534 12155182 2891
2535 12158073 4488
2536 12162561 1434
2537 12163995 1086
2538 12165081 6768
2539 12171849 2711
2540 12174560 1881
2541 12176441 3396
2542 12179837 1924
2543 12181761 15366
2544 12197127 650
2545 12197777 2912
2546 12200689 3154
2547 12203843 2463
2548 12206306 2913
2549 12209219 19224
2550 12228443 1137
2551 12229580 1160
2553 12230740 2252
2554 12232992 2072
2556 12235064 6827
2557 12241891 3915
2558 12245806 853
2560 12246659 3224
2561 12249883 1741
2562 12251624 2392
2563 12254016 1253
2564 12255269 3537
2565 12258806 4936
2566 12263742 4798
2567 12268540 6487
2568 12275027 3826
2569 12278853 852
2570 12279705 4549
2571 12284254 4353
2572 12288607 559
2573 12289166 1062
2574 12290228 1652
2575 12291880 3879
2576 12295759 3933
2577 12299692 5403
2578 12305095 2976
2579 12308071 2285
2580 12310356 3376
2581 12313732 876
2582 12314608 8390
2584 12322998 3205
2585 12326203 2462
2586 12328665 2735
2588 12331400 2723
2589 12334123 5560
2590 12339683 2215
2591 12341898 2101
2592 12343999 4555
2593 12348554 1530
2594 12350084 5492
2595 12355576 4121
2596 12359697 5852
2597 12365549 6785
2598 12372334 4836
2602 12377170 7145
2603 12384315 2812
2604 12387127 3775
2605 12390902 3128
2606 12394030 2579
2607 12396609 10941
2608 12407550 1019
2609 12408569 9427
2611 12417996 2345
2612 12420341 2795
2613 12423136 2498
2615 12425634 1417
2617 12427051 3152
2618 12430203 12333
2619 12442536 1384
2620 12443920 4067
2621 12447987 1353
2622 12449340 601
2623 12449941 11417
2624 12461358 2009
2626 12463367 3500
2627 12466867 3768
2628 12470635 9946
2629 12480581 2221
2630 12482802 1148
2631 12483950 957
2632 12484907 1428
2633 12486335 2162
2634 12488497 10221
2635 12498718 4397
2636 12503115 7119
2637 12510234 4969
2638 12515203 5779
2639 12520982 1847
2640 12522829 5453
2641 12528282 1735
2642 12530017 1761
2643 12531778 7004
2644 12538782 4467
2645 12543249 1688
2646 12544937 2240
2647 12547177 2894
2648 12550071 2751
2649 12552822 4125
2650 12556947 3286
2651 12560233 3823
2652 12564056 4364
2653 12568420 3700
2654 12572120 14849
2655 12586969 3154
2656 12590123 4943
2658 12595066 2857
2659 12597923 3026
2660 12600949 3845
2661 12604794 3671
2662 12608465 20098
2663 12628563 4070
2664 12632633 1303
2665 12633936 4253
2666 12638189 3762
2667 12641951 5456
2668 12647407 4421
2669 12651828 3888
2670 12655716 4480
2671 12660196 3156
2672 12663352 1762
2673 12665114 4642
2674 12669756 3807
2675 12673563 3380
2676 12676943 4298
2677 12681241 4328
2678 12685569 3745
2679 12689314 3717
2680 12693031 3974
2681 12697005 4305
2682 12701310 3673
2683 12704983 4402
2684 12709385 10675
2685 12720060 3809
2686 12723869 4825
2687 12728694 3588
2688 12732282 4092
2689 12736374 4847
2690 12741221 4263
2691 12745484 4050
2692 12749534 3556
2693 12753090 2923
2694 12756013 3292
2695 12759305 3367
2696 12762672 4329
2697 12767001 3354
2698 12770355 19585
2699 12789940 4434
2700 12794374 3522
2701 12797896 1612
2702 12799508 3655
2703 12803163 3717
2704 12806880 19756
2705 12826636 4737
2706 12831373 1567
2707 12832940 3491
2708 12836431 4968
2709 12841399 4238
2710 12845637 3427
2711 12849064 1276
2712 12850340 3538
2713 12853878 5516
2714 12859394 3860
2715 12863254 5234
2716 12868488 3642
2717 12872130 3590
2718 12875720 3873
2719 12879593 3998
2720 12883591 3750
2721 12887341 2971
2722 12890312 3506
2723 12893818 3848
2724 12897666 3543
2725 12901209 3962
2726 12905171 19154
2727 12924325 4645
2728 12928970 3861
2729 12932831 3722
2730 12936553 1660
2731 12938213 4416
2732 12942629 1297
2733 12943926 991
2734 12944917 3054
2735 12947971 4186
2736 12952157 3685
2737 12955842 2894
2738 12958736 3730
2739 12962466 2847
2740 12965313 1161
2741 12966474 4309
2742 12970783 20174
2743 12990957 3935
2744 12994892 4909
2745 12999801 3368
2746 13003169 4958
2747 13008127 3416
2749 13011543 3741
2750 13015284 4376
2751 13019660 6000
2752 13025660 3424
2753 13029084 2990
2754 13032074 4166
2755 13036240 2319
2756 13038559 4091
2757 13042650 14276
2758 13056926 2724
2759 13059650 2121
2760 13061771 4013
2761 13065784 3939
2762 13069723 3970
2763 13073693 1942
2764 13075635 5568
2765 13081203 7076
2766 13088279 2709
2767 13090988 4663
2768 13095651 7353
2769 13103004 1569
2770 13104573 2744
2771 13107317 2761
2772 13110078 1111
2773 13111189 5776
2774 13116965 1221
2775 13118186 1084
2776 13119270 3803
2777 13123073 6139
2778 13129212 1277
2779 13130489 1438
2780 13131927 4106
2782 13136033 2447
2783 13138480 2256
2784 13140736 3851
2785 13144587 4237
2786 13148824 954
2787 13149778 2998
2788 13152776 1165
2789 13153941 1823
2790 13155764 2042
2791 13157806 3295
2792 13161101 7281
2793 13168382 9460
2794 13177842 4027
2795 13181869 4373
2796 13186242 4969
2797 13191211 4003
2799 13195214 1222
2800 13196436 4295
2801 13200731 2829
2802 13203560 1788
2803 13205348 1143
2804 13206491 4133
2805 13210624 4138
2806 13214762 2951
2807 13217713 1348
2808 13219061 3220
2809 13222281 7903
2810 13230184 19618
2811 13249802 2269
2812 13252071 3860
2813 13255931 1712
2814 13257643 4487
2815 13262130 5220
2816 13267350 9122
2817 13276472 3233
2818 13279705 14516
2819 13294221 3862
2820 13298083 347
2821 13298430 6541
2822 13304971 9071
2823 13314042 5913
2824 13319955 2235
2825 13322190 5050
2826 13327240 1272
2827 13328512 3939
2828 13332451 6696
2829 13339147 1746
2830 13340893 3533
2831 13344426 2892
2832 13347318 6733
2834 13354051 2061
2835 13356112 7202
2836 13363314 4388
2837 13367702 11511
2838 13379213 7532
2839 13386745 4666
2840 13391411 3586
2841 13394997 6640
2842 13401637 9833
2843 13411470 1633
2844 13413103 3030
2846 13416133 4756
2847 13420889 8880
2848 13429769 1877
2849 13431646 5395
2850 13437041 4513
2851 13441554 2354
2852 13443908 3735
2853 13447643 3490
2854 13451133 7854
2855 13458987 641
2856 13459628 743
2857 13460371 11715
2858 13472086 4656
2859 13476742 3734
2860 13480476 9388
2861 13489864 3465
2862 13493329 2258
2863 13495587 2208
2864 13497795 7310
2865 13505105 6788
2866 13511893 3996
2867 13515889 2874
2868 13518763 15911
2869 13534674 7040
2870 13541714 1884
2871 13543598 2149
2872 13545747 2988
2873 13548735 2758
2874 13551493 2376
2875 13553869 1625
2876 13555494 756
2877 13556250 1458
2878 13557708 842
2879 13558550 880
2880 13559430 4059
2881 13563489 4230
2882 13567719 3162
2883 13570881 4250
2884 13575131 7861
2885 13582992 5586
2886 13588578 1417
2887 13589995 6029
2888 13596024 1223
2889 13597247 958
2890 13598205 1895
2891 13600100 2470
2892 13602570 5631
2894 13608201 8332
2895 13616533 2590
2896 13619123 1056
2897 13620179 1020
2898 13621199 2003
2899 13623202 2412
2900 13625614 7472
2901 13633086 1929
2902 13635015 4882
2903 13639897 2500
2904 13642397 3743
2905 13646140 3130
2906 13649270 8212
2907 13657482 2477
2908 13659959 3427
2909 13663386 5208
2910 13668594 2663
2911 13671257 3124
2912 13674381 2013
2913 13676394 1311
2914 13677705 5142
2915 13682847 1671
2916 13684518 1072
2917 13685590 1809
2918 13687399 1837
2919 13689236 4695
2920 13693931 1814
2921 13695745 2775
2922 13698520 9643
2923 13708163 1907
2924 13710070 2887
2925 13712957 10089
2926 13723046 3924
2927 13726970 6945
2928 13733915 3543
2929 13737458 3202
2930 13740660 8716
2931 13749376 1875
2932 13751251 2342
2933 13753593 1788
2934 13755381 1104
2935 13756485 2562
2936 13759047 1750
2937 13760797 1859
2938 13762656 17249
2939 13779905 7646
2940 13787551 3449
2941 13791000 1750
2942 13792750 1591
2943 13794341 8502
2944 13802843 2036
2945 13804879 2255
2946 13807134 1821
2947 13808955 1910
2948 13810865 2218
2949 13813083 1187
2950 13814270 2726
2951 13816996 2847
2952 13819843 1966
2953 13821809 4599
2954 13826408 7425
2955 13833833 1603
2956 13835436 2686
2966 13838122 1901
2967 13840023 8996
2968 13849019 6281
2969 13855300 1362
2970 13856662 2053
2971 13858715 4925
2972 13863640 7701
2973 13871341 8499
2974 13879840 4924
2976 13884764 2072
2977 13886836 11387
2978 13898223 6212
2979 13904435 2199
2980 13906634 5122
2981 13911756 2814
2983 13914570 2638
2984 13917208 1303
2985 13918511 2956
2986 13921467 2327
2987 13923794 3217
2990 13927011 2650
2991 13929661 1547
2992 13931208 3777
2993 13934985 1689
2994 13936674 6505
2995 13943179 2515
2996 13945694 2209
2997 13947903 5198
2998 13953101 9583
2999 13962684 5295
3002 13967979 1516
3003 13969495 2494
3004 13971989 2418
3005 13974407 1862
3006 13976269 3906
3007 13980175 2462
3008 13982637 4264
3010 13986901 451
3013 13987352 2518
3014 13989870 2126
3015 13991996 2512
3016 13994508 2861
3018 13997369 8210
3019 14005579 5470
3020 14011049 6174
3021 14017223 4672
3022 14021895 2538
3023 14024433 2533
3024 14026966 7597
3031 14034563 2195
3032 14036758 1963
3033 14038721 875
3034 14039596 518
3035 14040114 963
3036 14041077 2745
3037 14043822 2786
3038 14046608 2057
3039 14048665 5909
3040 14054574 2082
3041 14056656 3884
3044 14060540 2440
3045 14062980 1713
3046 14064693 3280
3047 14067973 1981
3048 14069954 8556
3049 14078510 1835
3050 14080345 12615
3051 14092960 2305
3052 14095265 2100
3053 14097365 3087
3054 14100452 3662
3055 14104114 10529
3056 14114643 3671
3057 14118314 9369
3058 14127683 2175
3059 14129858 1757
3060 14131615 1753
3061 14133368 2533
3062 14135901 1079
3063 14136980 1519
3064 14138499 6263
3065 14144762 5382
3066 14150144 2260
3067 14152404 1847
3068 14154251 4106
3069 14158357 2350
3070 14160707 2294
3071 14163001 7852
3072 14170853 1371
3073 14172224 1540
3074 14173764 4652
3075 14178416 1339
3076 14179755 1373
3077 14181128 1517
3078 14182645 1794
3079 14184439 5838
3080 14190277 2730
3082 14193007 3663
3083 14196670 15705
3084 14212375 3982
3085 14216357 10089
3089 14226446 8033
3090 14234479 2104
3091 14236583 10454
3092 14247037 5819
3093 14252856 2120
3094 14254976 13606
3095 14268582 5888
3096 14274470 4841
3097 14279311 1405
3098 14280716 2517
3099 14283233 2378
3100 14285611 2203
3101 14287814 3663
3102 14291477 1430
3103 14292907 11913
3104 14304820 1205
3105 14306025 712
3106 14306737 5577
3107 14312314 2180
3108 14314494 1401
3109 14315895 975
3110 14316870 8478
3111 14325348 3569
3112 14328917 2034
3113 14330951 3050
3114 14334001 1044
3115 14335045 1828
3116 14336873 1462
3117 14338335 735
3118 14339070 4284
3119 14343354 5124
3120 14348478 5705
3121 14354183 3394
3122 14357577 2713
3123 14360290 966
3124 14361256 826
3125 14362082 1273
3126 14363355 5811
3127 14369166 1811
3128 14370977 904
3129 14371881 1996
3130 14373877 13226
3131 14387103 568
3132 14387671 1884
3133 14389555 2644
3134 14392199 2561
3135 14394760 2893
3136 14397653 1789
3137 14399442 929
3138 14400371 2203
3139 14402574 2246
3140 14404820 2439
3141 14407259 2359
3142 14409618 2374
3143 14411992 656
3144 14412648 2634
3145 14415282 1340
3146 14416622 3456
3147 14420078 1732
3148 14421810 862
3149 14422672 1184
3150 14423856 664
3151 14424520 674
3152 14425194 690
3153 14425884 734
3154 14426618 704
3155 14427322 712
3156 14428034 736
3157 14428770 772
3158 14429542 720
3159 14430262 750
3160 14431012 726
3161 14431738 718
3162 14432456 734
3163 14433190 702
3164 14433892 770
3165 14434662 2197
3166 14436859 328
3167 14437187 3148
3168 14440335 2029
3169 14442364 2726
3170 14445090 16896
3171 14461986 6700
3172 14468686 14345
3173 14483031 794
3174 14483825 2834
3175 14486659 2102
3176 14488761 2689
3177 14491450 2844
3178 14494294 1837
3179 14496131 20974
3180 14517105 9697
3181 14526802 3685
3182 14530487 3744
3183 14534231 3522
3184 14537753 2121
3185 14539874 4034
3186 14543908 870
3188 14544778 3161
3190 14547939 1825
3191 14549764 4430
3193 14554194 3175
3194 14557369 1094
3195 14558463 713
3197 14559176 4574
3198 14563750 325
3199 14564075 31130
3200 14595205 5325
3201 14600530 7696
3202 14608226 9824
3203 14618050 31564
3204 14649614 20346
3205 14669960 986
3206 14670946 661
3207 14671607 2381
3208 14673988 1685
3209 14675673 5029
3210 14680702 3393
3211 14684095 4154
3212 14688249 2571
3213 14690820 4690
3214 14695510 1194
3215 14696704 2021
3216 14698725 788
3217 14699513 861
3218 14700374 10271
3219 14710645 2325
3220 14712970 857
3222 14713827 4133
3223 14717960 2187
3224 14720147 2945
3225 14723092 3825
3226 14726917 553
3227 14727470 7450
3228 14734920 21921
3229 14756841 5993
3230 14762834 1352
3231 14764186 2243
3232 14766429 2411
3233 14768840 2686
3235 14771526 1450
3236 14772976 9316
3237 14782292 4399
3238 14786691 2177
3239 14788868 2685
3240 14791553 26624
3241 14818177 1106
3242 14819283 1056
3243 14820339 1169
3244 14821508 4783
3245 14826291 1577
3246 14827868 4275
3247 14832143 3342
3248 14835485 1634
3249 14837119 1396
3250 14838515 2087
3251 14840602 2571
3252 14843173 1301
3253 14844474 2145
3254 14846619 4338
3255 14850957 1997
3256 14852954 7309
3257 14860263 2794
3258 14863057 4169
3259 14867226 2029
3260 14869255 1289
3261 14870544 2958
3262 14873502 1729
3263 14875231 1671
3264 14876902 5813
3265 14882715 9096
3266 14891811 10247
3267 14902058 6185
3268 14908243 6976
3269 14915219 5094
3270 14920313 2630
3271 14922943 1349
3272 14924292 1896
3273 14926188 1431
3274 14927619 2424
3275 14930043 1624
3276 14931667 2031
3277 14933698 2293
3278 14935991 3147
3279 14939138 2161
3280 14941299 9160
3281 14950459 23302
3282 14973761 4660
3283 14978421 5172
3284 14983593 3769
3285 14987362 3680
3287 14991042 4422
3288 14995464 1465
3289 14996929 1155
3290 14998084 1863
3291 14999947 1196
3292 15001143 2477
3293 15003620 5453
3294 15009073 1763
3295 15010836 9975
3296 15020811 10299
3297 15031110 3638
3298 15034748 5025
3299 15039773 3324
3300 15043097 5670
3301 15048767 11224
3302 15059991 6351
3303 15066342 8492
3304 15074834 5078
3305 15079912 12186
3306 15092098 5623
3307 15097721 2506
3308 15100227 3218
3309 15103445 3174
3310 15106619 3331
3311 15109950 5684
3312 15115634 3402
3313 15119036 17752
3314 15136788 3243
3315 15140031 4157
3316 15144188 4670
3317 15148858 4330
3318 15153188 3594
3319 15156782 11767
3320 15168549 12208
3321 15180757 5948
3322 15186705 7999
3323 15194704 4720
3324 15199424 4232
3325 15203656 3363
3326 15207019 7148
3327 15214167 3627
3328 15217794 8953
3329 15226747 5163
3330 15231910 18365
3331 15250275 4157
3332 15254432 4228
3333 15258660 3316
3334 15261976 9630
3335 15271606 6500
3336 15278106 14185
3337 15292291 4104
3338 15296395 4146
3339 15300541 5922
3340 15306463 8272
3341 15314735 10028
3342 15324763 11219
3343 15335982 4777
3345 15340759 4077
3346 15344836 5125
3347 15349961 5788
3348 15355749 3710
3349 15359459 3130
3350 15362589 8174
3351 15370763 1285
3352 15372048 1275
3353 15373323 4298
3354 15377621 5390
3355 15383011 2146
3356 15385157 5956
3357 15391113 3875
3359 15394988 2222
3360 15397210 6050
3361 15403260 3045
3362 15406305 2211
3363 15408516 2355
3364 15410871 1764
3365 15412635 6187
3366 15418822 14884
3367 15433706 2160
3368 15435866 887
3369 15436753 855
3370 15437608 2976
3371 15440584 1919
3372 15442503 2360
3373 15444863 3762
3374 15448625 3163
3375 15451788 3748
3376 15455536 3295
3377 15458831 2518
3378 15461349 2549
3379 15463898 2646
3380 15466544 926
3381 15467470 1734
3382 15469204 5987
3383 15475191 2672
3384 15477863 1772
3385 15479635 2216
3386 15481851 2162
3387 15484013 3593
3388 15487606 6181
3389 15493787 1254
3390 15495041 2909
3391 15497950 1910
3392 15499860 1296
3393 15501156 1187
3394 15502343 1851
3395 15504194 6577
3396 15510771 1843
3397 15512614 3520
3398 15516134 1861
3399 15517995 867
3400 15518862 2791
3401 15521653 951
3402 15522604 6160
3403 15528764 5368
3404 15534132 1693
3405 15535825 816
3406 15536641 845
3407 15537486 2579
3408 15540065 5978
3409 15546043 4695
3411 15550738 4592
3412 15555330 4724
3418 15560054 4776
3423 15564830 4773
3426 15569603 902
3427 15570505 7440
3428 15577945 837
3429 15578782 2910
3430 15581692 2964
3431 15584656 1161
3432 15585817 1337
3433 15587154 7810
3434 15594964 1560
3435 15596524 2393
3436 15598917 2658
3437 15601575 1506
3438 15603081 1586
3439 15604667 1751
3440 15606418 2678
3441 15609096 2048
3442 15611144 17549
3443 15628693 1581
3444 15630274 4965
3445 15635239 2247
3446 15637486 2930
3447 15640416 6691
3448 15647107 612
3449 15647719 4376
3450 15652095 3041
3451 15655136 1240
3452 15656376 5655
3453 15662031 1064
3454 15663095 2289
3455 15665384 2100
3456 15667484 5113
3457 15672597 5131
3458 15677728 9660
3459 15687388 4417
3460 15691805 2769
3461 15694574 1055
3462 15695629 981
3463 15696610 963
3464 15697573 1114
3465 15698687 2742
3466 15701429 771
3467 15702200 6592
3468 15708792 3650
3469 15712442 9152
3470 15721594 6534
3471 15728128 2533
3472 15730661 3956
3473 15734617 8339
3474 15742956 2905
3475 15745861 3179
3476 15749040 10489
3477 15759529 22233
3478 15781762 3436
3479 15785198 2967
3480 15788165 6211
3481 15794376 2807
3482 15797183 4516
3483 15801699 6800
3484 15808499 997
3485 15809496 4975
3486 15814471 8624
3487 15823095 5472
3488 15828567 7458
3489 15836025 950
3490 15836975 3885
3491 15840860 3178
3492 15844038 3704
3493 15847742 2584
3494 15850326 3751
3495 15854077 5032
3496 15859109 10599
3497 15869708 10439
3498 15880147 12530
3499 15892677 2333
3500 15895010 4910
3501 15899920 3296
3502 15903216 2049
3503 15905265 6119
3504 15911384 2294
3505 15913678 1967
3506 15915645 9399
3507 15925044 9270
3508 15934314 2823
3509 15937137 4785
3510 15941922 3234
3511 15945156 1988
3512 15947144 11180
3513 15958324 6402
3514 15964726 5270
3515 15969996 5944
3516 15975940 1357
3517 15977297 1886
3518 15979183 3663
3519 15982846 318
3520 15983164 4176
3521 15987340 2740
3522 15990080 8389
3523 15998469 7381
3524 16005850 7209
3525 16013059 9713
3526 16022772 3225
3527 16025997 3053
3528 16029050 1876
3529 16030926 7298
3530 16038224 3518
3531 16041742 2948
3532 16044690 1227
3533 16045917 13067
3534 16058984 11799
3535 16070783 11416
3536 16082199 8286
3537 16090485 10033
3538 16100518 2546
3539 16103064 755
3540 16103819 2890
3541 16106709 858
3542 16107567 6510
3544 16114077 2615
3545 16116692 10044
3546 16126736 6714
3547 16133450 1601
3548 16135051 7607
3549 16142658 2942
3550 16145600 8505
3551 16154105 4597
3552 16158702 3014
3553 16161716 6474
3554 16168190 10107
3555 16178297 3135
3556 16181432 4509
3557 16185941 4239
3558 16190180 1898
3559 16192078 6676
3560 16198754 5661
3561 16204415 5392
3562 16209807 8230
3563 16218037 1863
3564 16219900 2866
3565 16222766 5816
3566 16228582 7972
3567 16236554 6008
3568 16242562 11435
3569 16253997 1967
3570 16255964 7512
3571 16263476 3806
3572 16267282 8158
3573 16275440 649
3574 16276089 5335
3575 16281424 2567
3576 16283991 3154
3577 16287145 4182
3578 16291327 788
3579 16292115 1044
3580 16293159 6583
3581 16299742 1739
3582 16301481 2342
3583 16303823 3010
3584 16306833 4121
3585 16310954 3557
3586 16314511 2323
3587 16316834 4948
3588 16321782 10637
3589 16332419 706
3590 16333125 3613
3591 16336738 3508
3592 16340246 5683
3593 16345929 4033
3594 16349962 6452
3595 16356414 10952
3596 16367366 2102
3597 16369468 1665
3598 16371133 3178
3599 16374311 6147
3600 16380458 4153
3601 16384611 2016
3602 16386627 4959
3603 16391586 1469
3604 16393055 10320
3605 16403375 4687
3606 16408062 3053
3607 16411115 4218
3608 16415333 2982
3609 16418315 1517
3610 16419832 2013
3611 16421845 5357
3612 16427202 2939
3613 16430141 8812
3614 16438953 7972
3615 16446925 5807
3616 16452732 3103
3617 16455835 7850
3618 16463685 1246
3619 16464931 3038
3620 16467969 3185
3621 16471154 2307
3622 16473461 2783
3623 16476244 537
3624 16476781 6027
3625 16482808 635
3626 16483443 2128
3627 16485571 6877
3628 16492448 6012
3629 16498460 2580
3630 16501040 3127
3631 16504167 9143
3632 16513310 3690
3633 16517000 4404
3634 16521404 3380
3635 16524784 10071
3636 16534855 4816
3637 16539671 3998
3638 16543669 4237
3639 16547906 1524
3640 16549430 5037
3641 16554467 1092
3642 16555559 1912
3643 16557471 5719
3644 16563190 2233
3645 16565423 1932
3646 16567355 17645
3647 16585000 6276
3648 16591276 2279
3649 16593555 2643
3650 16596198 5526
3651 16601724 3982
3652 16605706 14345
3653 16620051 3893
3654 16623944 1874
3655 16625818 3926
3656 16629744 7206
3657 16636950 3000
3658 16639950 790
3659 16640740 5560
3660 16646300 5422
3661 16651722 3100
3662 16654822 5663
3663 16660485 2197
3664 16662682 865
3665 16663547 5060
3666 16668607 6777
3667 16675384 5156
3672 16680540 8824
3673 16689364 4115
3674 16693479 7717
3675 16701196 40074
3676 16741270 5647
3677 16746917 18172
3678 16765089 5717
3679 16770806 2940
3680 16773746 10781
3681 16784527 3848
3682 16788375 4818
3683 16793193 5487
3684 16798680 5080
3685 16803760 5325
3686 16809085 6784
3687 16815869 6564
3688 16822433 4751
3689 16827184 4222
3690 16831406 9128
3691 16840534 8550
3692 16849084 5642
3693 16854726 4313
3694 16859039 7651
3695 16866690 8053
3696 16874743 5713
3697 16880456 5451
3698 16885907 4537
3699 16890444 5039
3706 16895483 3983
3707 16899466 6648
3708 16906114 5345
3709 16911459 3121
3710 16914580 3897
3711 16918477 4396
3712 16922873 3808
3713 16926681 4726
3714 16931407 12109
3715 16943516 4358
3716 16947874 8429
3717 16956303 8098
3718 16964401 8292
3719 16972693 7421
3720 16980114 1801
3721 16981915 5331
3722 16987246 16899
3723 17004145 4680
3724 17008825 9742
3725 17018567 5388
3730 17023955 6536
3731 17030491 4562
3732 17035053 3869
3733 17038922 4162
3734 17043084 4502
3735 17047586 3729
3736 17051315 3758
3737 17055073 18721
3738 17073794 5541
3739 17079335 5436
3740 17084771 3485
3741 17088256 11582
3742 17099838 7956
3746 17107794 2232
3747 17110026 5869
3748 17115895 4286
3750 17120181 20061
3752 17140242 4346
3753 17144588 3587
3754 17148175 12830
3755 17161005 6974
3756 17167979 26639
3757 17194618 11486
3758 17206104 7157
3760 17213261 6027
3761 17219288 6414
3762 17225702 24803
3763 17250505 1775
3764 17252280 3014
3765 17255294 5425
3766 17260719 1377
3768 17262096 1162
3769 17263258 1376
3770 17264634 5415
3774 17270049 6529
3775 17276578 9714
3776 17286292 12517
3777 17298809 2167
3778 17300976 6780
3779 17307756 6632
3780 17314388 10635
3789 17325023 6263
3790 17331286 1289
3791 17332575 5043
3792 17337618 10603
3793 17348221 5709
3794 17353930 3245
3795 17357175 2268
3796 17359443 2199
3797 17361642 2529
3798 17364171 2065
3799 17366236 1659
3800 17367895 1673
3801 17369568 1870
3802 17371438 1878
3803 17373316 3964
3804 17377280 2955
3805 17380235 17234
3806 17397469 3881
3807 17401350 9107
3808 17410457 3985
3809 17414442 3801
3810 17418243 6875
3811 17425118 3163
3812 17428281 3995
3813 17432276 3401
3815 17435677 1557
3818 17437234 5744
3819 17442978 1538
3820 17444516 1978
3821 17446494 2005
3822 17448499 3557
3823 17452056 9230
3824 17461286 8350
3825 17469636 3693
3826 17473329 11402
3827 17484731 1851
3828 17486582 1125
3829 17487707 1894
3830 17489601 4405
3831 17494006 4397
3832 17498403 1264
3833 17499667 17378
3835 17517045 7755
3836 17524800 3891
3837 17528691 3902
3838 17532593 1422
3839 17534015 5164
3840 17539179 935
3841 17540114 639
3842 17540753 8007
3843 17548760 3492
3844 17552252 3934
3845 17556186 3335
3846 17559521 1386
3847 17560907 1166
3848 17562073 2351
3852 17564424 12541
3853 17576965 6144
3854 17583109 6150
3855 17589259 1853
3857 17591112 23389
3858 17614501 1578
3859 17616079 6857
3860 17622936 6737
3863 17629673 3882
3864 17633555 2164
3865 17635719 2342
3866 17638061 3667
3867 17641728 3372
3868 17645100 10552
3869 17655652 3407
3870 17659059 2355
3871 17661414 7893
3872 17669307 5226
3873 17674533 4994
3874 17679527 4538
3875 17684065 8988
3876 17693053 4098
3877 17697151 3440
3878 17700591 5505
3879 17706096 5531
3880 17711627 4938
3881 17716565 3569
3882 17720134 4206
3883 17724340 1168
3884 17725508 8414
3885 17733922 5080
3886 17739002 4912
3887 17743914 4767
3888 17748681 4367
3889 17753048 5832
3890 17758880 8244
3891 17767124 2527
3892 17769651 2170
3893 17771821 3438
3894 17775259 3364
3895 17778623 5556
3896 17784179 6041
3897 17790220 3645
3898 17793865 4369
3899 17798234 7616
3900 17805850 5187
3901 17811037 6102
3902 17817139 2869
3903 17820008 2902
3904 17822910 3248
3905 17826158 8843
3906 17835001 1257
3907 17836258 940
3908 17837198 1149
3909 17838347 4388
3910 17842735 3731
3911 17846466 1580
3912 17848046 11366
3913 17859412 4199
3914 17863611 9807
3915 17873418 4835
3916 17878253 6098
3917 17884351 5551
3918 17889902 9326
3919 17899228 5543
3920 17904771 4208
3921 17908979 652
3922 17909631 4853
3923 17914484 4714
3924 17919198 4078
3925 17923276 6020
3926 17929296 7388
3927 17936684 7082
3928 17943766 2658
3929 17946424 4205
3930 17950629 1483
3931 17952112 23560
3932 17975672 19387
3933 17995059 2751
3934 17997810 9979
3935 18007789 1689
3936 18009478 2430
3937 18011908 7685
3938 18019593 3872
3939 18023465 13210
3940 18036675 3036
3941 18039711 3661
3942 18043372 3434
3943 18046806 5767
3944 18052573 8113
3945 18060686 7227
3946 18067913 6703
3947 18074616 1707
3948 18076323 2842
3949 18079165 3795
3950 18082960 1068
3951 18084028 2480
3952 18086508 1589
3953 18088097 7516
3954 18095613 14691
3955 18110304 2245
3956 18112549 14663
3957 18127212 7238
3958 18134450 3157
3959 18137607 5485
3960 18143092 2291
3961 18145383 9509
3962 18154892 6993
3963 18161885 2683
3964 18164568 7977
3965 18172545 9361
3966 18181906 4294
3968 18186200 15185
3969 18201385 4924
3970 18206309 2629
3971 18208938 2559
3972 18211497 673
3973 18212170 1944
3974 18214114 11141
3975 18225255 25571
3976 18250826 937
3977 18251763 3601
3979 18255364 1450
3980 18256814 1095
3981 18257909 8863
3982 18266772 1344
3983 18268116 1136
3984 18269252 11153
3985 18280405 1415
3986 18281820 19297
3987 18301117 10122
3988 18311239 2952
3989 18314191 4086
3990 18318277 1415
3991 18319692 4778
3992 18324470 6134
3993 18330604 1704
3994 18332308 1188
3995 18333496 2551
3996 18336047 9799
3997 18345846 3452
3998 18349298 2065
3999 18351363 776
4000 18352139 1614
4001 18353753 2876
4003 18356629 7123
4004 18363752 1389
4005 18365141 3283
4006 18368424 1260
4007 18369684 1334
4008 18371018 1138
4009 18372156 5686
4010 18377842 936
4011 18378778 4671
4012 18383449 554
4013 18384003 9356
4014 18393359 3691
4015 18397050 1667
4016 18398717 1390
4017 18400107 6864
4018 18406971 4462
4019 18411433 1304
4020 18412737 3053
4021 18415790 2736
4022 18418526 1813
4023 18420339 5026
4024 18425365 13399
4025 18438764 1526
4026 18440290 5320
4027 18445610 3666
4028 18449276 1423
4029 18450699 1132
4030 18451831 4059
4031 18455890 7671
4032 18463561 13577
4033 18477138 1714
4034 18478852 1551
4035 18480403 1472
4036 18481875 2499
4037 18484374 2393
4038 18486767 1805
4039 18488572 1815
4040 18490387 1199
4041 18491586 1687
4042 18493273 1058
4043 18494331 7724
4044 18502055 9415
4045 18511470 1535
4046 18513005 1127
4047 18514132 4809
4048 18518941 2494
4049 18521435 1209
4050 18522644 6806
4051 18529450 1900
4052 18531350 8904
4053 18540254 2328
4054 18542582 6772
4055 18549354 4112
4056 18553466 1442
4057 18554908 8578
4058 18563486 7505
4059 18570991 10251
4060 18581242 3981
4061 18585223 2274
4062 18587497 3454
4063 18590951 4822
4064 18595773 1842
4065 18597615 8650
4066 18606265 1566
4067 18607831 1311
4068 18609142 11334
4069 18620476 14942
4070 18635418 11849
4071 18647267 19229
4072 18666496 11157
4073 18677653 11326
4074 18688979 10293
4075 18699272 14427
4076 18713699 21067
4077 18734766 14554
4078 18749320 5963
4079 18755283 693
4080 18755976 1066
4081 18757042 3327
4082 18760369 7704
4083 18768073 740
4084 18768813 1856
4085 18770669 3557
4086 18774226 2402
4087 18776628 10598
4088 18787226 8719
4089 18795945 8607
4090 18804552 4753
4091 18809305 2919
4092 18812224 4280
4093 18816504 5426
4094 18821930 7948
4095 18829878 3604
4096 18833482 3133
4097 18836615 913
4098 18837528 1286
4099 18838814 2107
4100 18840921 8067
4101 18848988 1614
4102 18850602 13882
4103 18864484 7717
4104 18872201 5540
4105 18877741 26365
4106 18904106 4047
4107 18908153 5205
4108 18913358 10078
4109 18923436 10549
4110 18933985 4743
4112 18938728 10591
4113 18949319 16749
4114 18966068 6350
4115 18972418 12462
4116 18984880 6918
4117 18991798 5424
4118 18997222 1954
4119 18999176 4046
4120 19003222 4931
4121 19008153 4177
4122 19012330 12263
4124 19024593 10018
4125 19034611 9212
4126 19043823 7538
4127 19051361 6484
4128 19057845 4777
4129 19062622 3978
4130 19066600 4116
4131 19070716 3885
4132 19074601 3382
4133 19077983 13831
4134 19091814 12984
4135 19104798 4461
4136 19109259 2911
4137 19112170 5920
4138 19118090 18429
4139 19136519 4873
4140 19141392 920
4141 19142312 1438
4142 19143750 5178
4143 19148928 4991
4144 19153919 2125
4145 19156044 14592
4147 19170636 9959
4148 19180595 8690
4149 19189285 11862
4150 19201147 366
4151 19201513 9864
4152 19211377 9446
4153 19220823 2541
4154 19223364 9027
4155 19232391 9262
4156 19241653 4129
4157 19245782 6436
4158 19252218 11393
4159 19263611 2583
4160 19266194 14697
4161 19280891 5216
4162 19286107 967
4163 19287074 1555
4164 19288629 3145
4165 19291774 4057
4166 19295831 2289
4167 19298120 3137
4168 19301257 3113
4169 19304370 719
4170 19305089 4746
4171 19309835 7054
4172 19316889 1930
4173 19318819 4765
4174 19323584 2886
4176 19326470 5945
4177 19332415 8613
4178 19341028 5522
4179 19346550 1010
4180 19347560 1442
4181 19349002 2072
4182 19351074 4735
4183 19355809 3768
4184 19359577 1305
4185 19360882 4962
4186 19365844 3764
4187 19369608 2927
4188 19372535 3628
4189 19376163 5770
4190 19381933 4777
4191 19386710 5245
4192 19391955 2753
4193 19394708 9466
4194 19404174 10796
4195 19414970 5664
4196 19420634 2048
4197 19422682 7512
4198 19430194 2067
4200 19432261 3828
4201 19436089 3100
4202 19439189 8767
4203 19447956 1340
4204 19449296 1930
4205 19451226 3162
4206 19454388 5290
4207 19459678 2395
4208 19462073 1219
4209 19463292 1253
4210 19464545 5433
4211 19469978 2822
4212 19472800 4251
4213 19477051 1163
4214 19478214 2070
4216 19480284 1371
4217 19481655 2933
4218 19484588 1618
4221 19486206 776
4222 19486982 571
4223 19487553 900
4224 19488453 744
4225 19489197 572
4226 19489769 801
4227 19490570 1547
4228 19492117 4252
4229 19496369 4870
4230 19501239 719
4231 19501958 2500
4232 19504458 1697
4233 19506155 4245
4235 19510400 3372
4236 19513772 5825
4237 19519597 3181
4238 19522778 4594
4239 19527372 4055
4240 19531427 3119
4242 19534546 2008
4243 19536554 3292
4245 19539846 368
4247 19540214 2240
4251 19542454 12025
4252 19554479 10529
4254 19565008 3886
4255 19568894 3559
4256 19572453 4308
4257 19576761 1622
4258 19578383 1492
4259 19579875 2387
4260 19582262 1984
4261 19584246 3438
4262 19587684 2816
4264 19590500 2436
4265 19592936 1518
4266 19594454 3324
4267 19597778 1221
4268 19598999 1818
4269 19600817 6888
4270 19607705 1185
4271 19608890 4391
4272 19613281 1872
4273 19615153 2232
4275 19617385 5170
4276 19622555 4723
4277 19627278 2655
4278 19629933 373
4279 19630306 1574
4280 19631880 1533
4281 19633413 2274
4282 19635687 1533
4283 19637220 1114
4284 19638334 2752
4285 19641086 1158
4286 19642244 367
4287 19642611 4978
4288 19647589 1454
4289 19649043 926
4290 19649969 4090
4291 19654059 1380
4292 19655439 3265
4293 19658704 2712
4294 19661416 574
4295 19661990 1329
4296 19663319 1271
4297 19664590 2545
4298 19667135 1237
4299 19668372 8493
4301 19676865 1368
4302 19678233 7815
4306 19686048 7207
4308 19693255 1725
4309 19694980 1673
4310 19696653 2240
4311 19698893 1382
4312 19700275 518
4313 19700793 1402
4314 19702195 2358
4315 19704553 5159
4316 19709712 1675
4317 19711387 12973
4318 19724360 2190
4319 19726550 835
4320 19727385 956
4321 19728341 1097
4322 19729438 2027
4323 19731465 819
4324 19732284 12867
4325 19745151 1822
4326 19746973 3077
4327 19750050 3958
4328 19754008 1154
4329 19755162 2287
4330 19757449 1261
4331 19758710 4882
4332 19763592 430
4333 19764022 7887
4334 19771909 1179
4335 19773088 1821
4336 19774909 2802
4337 19777711 1588
4338 19779299 1316
4339 19780615 7212
4340 19787827 3639
4341 19791466 1057
4342 19792523 3641
4343 19796164 1717
4344 19797881 3088
4345 19800969 1384
4346 19802353 552
4347 19802905 826
4348 19803731 4936
4349 19808667 1291
4350 19809958 6630
4351 19816588 2770
4352 19819358 481
4353 19819839 4577
4354 19824416 558
4355 19824974 1533
4356 19826507 2186
4357 19828693 2877
4358 19831570 3264
4359 19834834 1415
4360 19836249 1580
4361 19837829 1175
4362 19839004 1490
4363 19840494 2389
4364 19842883 609
